J_eq = 0.0038102
L_a = 0.0013006
R_a = 4.204
b_eq = 0.020369
k = 0.31058
pulley_radius = 0.7

Kp = 86;
Ki = 523;
Kp_pos = 586;
Ki_pos = 258;